601
602
603
606
610
612
616
617
622
623
624
627
631
637
638
641
646
647
650
652
653
656
659
660
662
664
667
669
670
674
676
677
678
680
682
683
685
687
688
690
692
693
694
698
703
704
705
707
714
715
716
717
718
719
720
723
725
727
728
729
730
731
735
736
738
739
740
741
745
751
754
757
765
766
767
769
771
772
773
775
777
778
780
782
783
784
786
791
794
795
801
802
820
823
824
830
831
840
841
850
851
901
906
907
909
911
912
913
915
917
918
920
921
923
924
925
926
927
934
936
949
950
951
952
953
956
957
959
960
961
962
965
966
968
969
971
976
979
982
983
985
987
17270
17767
19542
20307
32026
32072
42084
42731
45145
45418
48921
54010
54934
56177
63464
64192
66019
83601
84144
90090
95250
95314
96701
96703
96704
96705
96706
96707
96708
96710
96712
96713
96714
96716
96717
96719
96720
96722
96725
96726
96727
96728
96729
96730
96731
96732
96734
96737
96738
96740
96741
96742
96743
96744
96746
96747
96748
96749
96750
96751
96752
96753
96754
96755
96756
96757
96759
96760
96761
96762
96763
96764
96765
96766
96768
96769
96770
96771
96772
96773
96774
96776
96777
96778
96779
96780
96781
96782
96783
96785
96786
96789
96790
96791
96792
96793
96795
96796
96797
96799
96813
96814
96815
96816
96817
96818
96819
96821
96822
96825
96826
96850
96853
96857
96859
96860
96863
96910
96913
96915
96916
96917
96921
96928
96929
96932
96950
96951
96952
98205
98929
99501
99502
99503
99504
99505
99506
99507
99508
99510
99513
99515
99516
99517
99518
99519
99540
99546
99547
99548
99549
99550
99551
99552
99553
99554
99555
99556
99557
99558
99559
99561
99563
99564
99565
99566
99567
99568
99569
99571
99572
99573
99574
99575
99576
99577
99578
99579
99580
99581
99583
99585
99586
99587
99588
99589
99590
99591
99602
99603
99604
99605
99606
99607
99609
99610
99611
99612
99613
99614
99615
99620
99621
99622
99624
99625
99626
99627
99628
99630
99631
99632
99633
99634
99636
99637
99638
99639
99640
99641
99643
99644
99645
99647
99648
99649
99650
99651
99652
99653
99654
99655
99656
99657
99658
99659
99660
99661
99662
99663
99664
99665
99666
99667
99668
99669
99670
99671
99672
99674
99676
99677
99678
99679
99680
99681
99682
99683
99684
99685
99686
99688
99689
99690
99691
99692
99693
99694
99695
99701
99702
99703
99704
99705
99706
99709
99712
99714
99720
99721
99722
99723
99724
99726
99727
99729
99730
99732
99733
99734
99736
99737
99738
99739
99740
99741
99742
99743
99744
99745
99746
99747
99748
99749
99750
99751
99752
99753
99754
99755
99756
99757
99758
99759
99760
99761
99762
99763
99764
99765
99766
99767
99768
99769
99770
99771
99772
99773
99774
99775
99776
99777
99778
99780
99781
99782
99783
99784
99785
99786
99788
99789
99790
99791
99801
99820
99824
99825
99826
99827
99829
99830
99832
99833
99835
99836
99840
99841
99901
99903
99918
99919
99921
99922
99923
99925
99926
99927
99929