29226
18963
15758
33443
40061
20058
88539
36663
93016
15606
33195
20511
27599
48552
60019
19725
77253
55480
55067
33729
37602
50269
02902
12288
23105
98063
28608
14461
31603
85740
77220
77228
92163
22451
34991
29214
73195
72075
13747
92702
42252
55488
25231
20277
95170
33571
20178
38168
50940
94807
24576
64191
73502
13426
92018
35137
33915
72190
77720
66742
12995
74702
65402
84141
33335
77844
38124
32857
22649
50481
63302
98073
06494
15231
84091
26306
17735
98507
88567
94023
32149
52498
35767
75026
72811
52204
43350
76124
05861
97298
39442
82717
86439
91184
38173
22748
70569
61204
60689
63651
53512
53062
83405
75882
14264
74102
01961
11055
85246
92393
20153
20453
70096
85074
38145
71281
73123
92735
07189
55575
63442
62306
79550
29703
56631
32041
75694
06493
27152
06079
29336
45280
33686
93750
10261
60694
02824
25375
94659
60598
40298
46903
43659
72657
32856
32540
30343
87176
42201
57118
29933
13154
33008
94042
20196
35202
46796
83715
48787
87365
29616
56502
94948
91221
73113
71152
93118
80553
13056
21027
70164
97409
48275
77344
39182
13220
48303
82615
85064
53595
19726
47322
56740
72219
47407
46854
92825
32042
60691
19712
29802
19019
29227
46904
08504
91009
72735
62761
73344
79338
43287
13137
37349
49351
33233
84151
21721
78502
79914
77221
48244
36121
78761
20040
94294
62796
03108
80638
04336
93006
86312
91209
28388
31604
29422
30599
39181
45374
33836
53171
90622
20799
26527
45412
71309
20208
12250
72643
35201
84171
37816
21203
45271
20500
36652
33346
23466
45422
94295
80946
06726
98508
28509
36062
49257
43086
95253
80308
10273
92846
15605
35283
28220
89136
93303
54221
13235
37864
88512
01615
36302
20915
91408
20552
72905
58507
12544
40384
33586
40575
39302
50364
93639
20160
95042
16873
01586
98687
69103
25716
70064
32337
30006
52808
84110
20661
20546
72303
79704
37077
44242
61633
34249
60666
90408
70172
80633
32911
06388
68509
95156
20122
40282
27815
84129
37382
89195
95853
23404
06881
15272
21556
43199
92531
20757
50380
29215
08220
86412
21279
27676
06152
08875
32170
20047
27697
30287
19181
42070
94163
61629
71137
20195
30077
65607
72133
98181
54919
40750
63197
01061
94974
94244
37121
76196
24178
08544
53725
75336
05702
98089
47716
34277
90639
83853
52809
15915
92814
53052
14110
93384
25717
36275
05449
70562
80522
26502
92728
78298
32143
20113
93423
72052
80261
10176
38393
94975
68179
19347
36641
92323
45114
19548
78466
71910
60116
43803
31753
41477
05838
70152
06077
23467
02117
39502
20401
20420
49409
30229
94245
93584
25665
71657
40702
30999
90310
35407
14029
47902
94289
65302
20811
80041
78283
38187
02112
33951
34264
87190
36427
19188
59406
24177
03041
30065
85127
77463
61803
93385
20059
93302
91396
02303
27102
91903
31515
33524
25691
94273
24043
08834
20421
95106
45893
27894
89435
49528
22570
01004
48106
16413
92158
02901
11245
91416
06491
75990
49734
98668
39460
74465
91735
12555
70141
22240
97075
70540
25966
24002
81626
50359
46789
47199
65890
10185
83343
27498
37024
43058
17608
12848
91129
60967
10118
44799
32315
93581
77305
95799
06879
32173
95101
38137
20131
13745
46325
84415
28810
55815
80040
75097
12223
25332
20752
23431
27268
70664
33266
05469
33045
14463
95063
44617
77333
32897
84138
73558
59812
01144
11707
20509
88519
70522
98352
05357
87153
28355
02471
19195
06914
93464
23681
23298
77501
91043
49003
49514
44181
83256
27593
20536
15365
57402
44197
70831
36868
78297
97307
33247
68180
70151
05479
22107
32457
28563
47249
02358
98139
20159
77325
60117
30919
80539
46977
54492
79711
73137
95929
95418
56341
80309
97256
83728
02044
28699
82602
06265
71211
50631
84402
95419
47878
76714
84152
17128
75710
78755
76799
97268
97228
25356
70063
93902
19192
31203
55323
01546
70429
61601
23278
92092
76267
85065
07963
32182
22907
46916
20156
37162
36114
02883
27010
76547
30916
74529
31521
95656
47549
34250
29901
11431
32360
47190
30010
56459
20738
27710
45267
34954
40129
70469
15336
94955
12325
74101
80437
33112
98344
23458
63188
35219
92331
32774
48812
42460
33526
05054
81228
08076
61825
94309
85011
54152
39058
04935
46626
30392
25778
72313
98378
32111
28221
43270
63180
80259
93009
93729
15279
20897
95671
17607
23279
23450
78682
70421
84244
02211
88570
48555
40576
32747
07837
91747
10159
48153
27425
34682
25357
33687
22456
33674
77404
20775
40546
02541
25777
33092
71612
50329
32183
24463
06536
28319
79697
12227
13737
71678
15267
22430
77491
84148
94617
05453
33111
75027
95502
72124
20091
35294
73124
10981
23429
39441
70509
21287
45277
16369
92334
04212
42142
50398
41386
45004
85329
71864
24023
45435
33888
32067
23249
32706
98113
33481
31564
75368
20439
72319
01380
05666
60037
32537
28070
07199
06411
76468
20857
84089
36120
36851
33882
02447
78074
98419
78278
12234
75653
01538
14488
23514
10109
94622
46713
44862
46244
48859
02269
17567
19173
34274
38271
28297
95518
77343
30598
33858
36741
96079
23232
04028
94017
92516
14263
25402
06720
73534
02212
07765
13449
72387
83606
27373
39324
76101
63099
27717
27907
62777
87502
94016
32121
71217
92685
33932
33206
75688
06167
07544
30015
27625
37384
24619
35807
82071
93712
15763
17882
32633
37824
04243
04291
52562
12224
13763
92357
19409
85036
20875
33784
72829
33074
74752
90632
05304
20470
74121
20718
50308
48277
92546
19049
18979
79464
38669
19495
30597
20892
87503
01041
19432
75342
19408
75378
33296
04211
57193
84157
89087
27690
99104
78720
49784
31769
72728
35662
23260
22848
28260
84602
45250
75687
53785
87009
84059
35573
32122
90832
92803
92856
38174
37224
84009
44188
18065
25943
46352
72260
20849
42033
15259
24036
38638
24469
60038
41096
30703
58207
04094
23327
47701
47740
48805
38336
89504
91353
59435
03073
20768
77552
20528
19048
95480
36644
89137
05609
88533
72028
93724
37928
84158
43550
80970
40392
70004
28275
22320
20559
13649
92340
80977
48620
04070
59719
23515
34992
24535
43069
75017
94966
36140
27836
29002
36253
76307
62769
10551
95899
95654
17549
80225
46230
70898
75425
48908
43226
94269
37244
23609
91793
28760
06911
84150
35056
67627
49588
16522
38378
46255
51603
31146
22245
37383
44282
85702
75151
80639
74602
77413
90801
06102
47107
60196
20847
88572
93278
32790
43520
71754
61635
39109
92049
45269
38193
90189
28603
68197
71136
07543
24627
33537
80527
20303
22626
70361
36670
62651
30162
36304
53109
92402
35285
27675
42502
11051
26561
14027
20859
72575
60161
29846
25360
65897
24022
33660
22905
18820
55010
53263
91404
20080
43414
53278
30212
48608
89164
87192
10272
88433
12229
89053
44513
56393
44639
32512
10265
35260
75267
88535
40221
20423
37501
33672
11052
54305
32341
53788
77248
02020
94232
68182
85721
49610
89127
23483
35021
63195
33348
06792
34674
90509
91729
79499
22402
76855
77838
20469
33239
37071
20889
98324
44711
37933
71828
79768
14265
21852
91951
78269
96156
92514
90610
45469
20233
98907
95712
75266
88520
65532
87193
94649
77274
20340
61702
04672
27628
85073
95378
94912
71458
66629
90009
26671
41451
17014
57659
92619
30366
03061
85722
63365
42720
32733
25331
22403
36660
88590
46971
94620
22038
28903
92174
71802
91407
88513
10060
42219
27323
56002
43234
33238
30355
34204
33740
39122
61233
98511
93613
66675
96157
32135
91041
73561
19969
17140
14851
43441
27627
75712
06156
38194
27117
34276
46935
23326
35478
45119
22547
32965
91612
33261
75312
47629
30914
60122
21022
13442
79710
33845
70153
35261
28802
80314
89024
90082
33780
38739
97335
18611
43048
06876
92834
38184
29722
28503
30359
40423
91393
30348
72914
18956
76113
18410
43791
47445
71359
89432
05073
65110
66624
47547
06858
32158
33475
98448
37230
87547
43699
94252
73083
55487
84644
42302
30063
34478
75277
76122
64148
53176
19101
47019
34660
91077
14876
47370
34107
97602
40297
27285
20232
77265
91758
36123
10124
78465
13504
30304
27359
35015
40724
71113
24115
36125
26578
77251
65218
40153
93515
90707
65666
93246
24003
80263
40122
10275
36023
43436
31139
78347
82840
95214
77227
94088
35182
47236
75389
79457
98064
13244
79917
72545
21018
35612
94297
72183
24203
61634
78284
45012
14038
06101
13217
66426
32306
22199
20547
20056
18039
06041
17335
95676
20314
39148
99260
20579
72018
22404
99211
75029
56372
50831
53794
34106
48605
35893
05750
59345
33454
06875
28130
20787
32964
43828
88575
92312
98175
77242
75865
80042
64999
29216
95115
47133
49239
95924
45235
33846
22082
17127
22945
33975
04288
27098
15488
70837
29041
37867
15822
90410
53793
36124
59641
18627
06673
72053
06180
77842
98471
99210
93435
73802
44088
95613
77631
79117
92623
65801
17334
95011
32959
11386
50367
22581
78292
95154
32723
21094
42457
63632
97293
90050
71315
11853
19421
84122
75320
03469
87199
95416
10175
33474
29217
60159
08315
79702
25337
84145
71135
05088
02349
61130
29641
20177
45258
80997
80950
13221
16541
07091
94161
46213
74866
27342
97240
37389
80614
76385
32030
91896
54743
45470
71130
10108
17124
62763
30424
18001
12141
06132
23290
45713
37089
78427
01472
11022
28218
15705
08818
30388
73184
75685
06230
01059
77353
20891
29931
97311
32560
66286
52631
62791
25440
93502
90239
88244
48376
34265
75376
94280
53064
39522
20250
33587
90624
02133
41549
08739
49786
61371
75355
20042
33116
79929
44315
75689
38167
97336
62776
31598
49258
54969
47039
19714
20022
46801
28502
91778
20788
48347
27586
39566
47702
75285
81329
71307
39506
20206
20456
77229
48086
33257
02801
13482
56399
12233
34295
58506
28813
46154
04082
38166
20222
28222
71415
28111
62716
27413
33017
14547
99220
45720
60939
24505
34680
94287
92589
22463
37088
50110
57101
10125
54543
20251
40319
77289
68176
74461
02293
72214
62762
14730
84510
17323
23297
06155
95913
78768
30086
78760
36061
37401
32912
44848
94026
20389
12552
31420
79698
71721
92175
70784
19092
22446
93020
98071
61824
32941
21289
38679
62252
10130
81502
30036
40266
35487
20207
05863
40285
97076
27412
29240
19366
85717
84127
19093
37699
05746
48844
91611
56619
77288
33650
32799
35899
94288
70146
63380
33075
31205
29938
08313
84143
43279
45367
28219
92654
46249
35486
82218
46015
45401
79999
92513
29224
19891
45475
60179
71153
27120
03305
75798
37778
32142
40622
28687
93649
17585
91337
20918
83865
17831
92033
92195
75395
68330
50393
28459
08557
42377
16644
49023
04775
13645
94039
48321
67221
54415
39151
58206
25572
48833
29610
32860
93717
14056
07715
60168
47737
71151
80151
78547
37927
30356
73136
92799
83729
30169
12128
20830
33675
79998
46885
65036
24038
80551
90053
97339
67585
62329
50306
20081
28126
33766
50241
14010
16603
27636
61105
39505
33072
37707
22909
67905
87654
88532
23067
46014
21528
10126
08695
23482
29413
19318
70059
33090
72733
32422
79769
91003
40523
16663
97310
30719
42402
91185
28633
05351
27620
25079
88530
28290
98124
60693
31040
12232
79948
16698
53786
30081
85190
22246
91110
90080
02334
90088
77267
32745
77245
33883
37901
95208
21922
75373
92169
05009
89452
25317
10179
20824
42152
20848
19896
20244
05402
85671
91979
85117
95103
08252
53201
20515
88568
20412
37320
16534
33197
70502
01885
60695
63950
77282
93942
53159
40224
48830
40522
54702
72812
08556
47402
21285
31221
39130
97440
92616
25685
60688
32867
78551
39190
40944
55484
17622
32513
20911
72402
40018
75394
94234
40290
08989
85026
30037
17130
24050
70371
28335
62202
10268
32704
78426
50307
16058
19893
20189
71150
38175
54308
23282
14558
92781
32050
36577
33871
60572
60687
32768
77492
33394
08899
23031
32752
78241
24513
17534
80150
43657
28744
94522
94268
06161
70148
77553
21284
07207
19160
89159
88589
44316
32753
06495
27228
30320
25322
96151
04241
17533
53584
94235
73189
76880
77233
35560
93290
33124
15258
32855
14205
70434
32868
25544
10178
24035
88439
75187
23295
88544
27811
60956
59273
85732
36142
75265
49035
73190
54903
25362
39225
92013
40317
85636
90733
19899
50059
38190
49081
47722
22037
05731
68542
30031
98082
80732
29652
33622
79409
79073
94211
11773
33802
10281
95609
20237
89034
18601
63022
12402
26121
95044
73706
40526
70813
33633
32722
19098
77626
72405
24062
29021
21843
38331
59403
47435
28288
31708
88550
70033
31004
41702
38955
32969
45273
85655
37669
70142
06025
47144
33574
38782
41736
49685
08231
21503
43346
50552
15242
40066
77202
60454
91025
85288
90081
02331
06813
85380
23058
14852
83707
20580
39163
02305
94562
20753
77348
07875
28688
84126
38503
07007
76526
27715
32961
34206
40492
49355
60039
85318
92698
86427
17089
77292
60086
19175
50305
53056
13043
48318
14646
94927
90853
85002
20041
20049
19430
13851
75429
80841
79943
20468
79776
31126
67201
28738
62222
16367
46401
20078
40287
30639
06338
80248
33468
96099
93714
41114
85261
70156
38402
29416
52497
95352
37235
59921
92822
92153
20643
76503
84125
43073
41542
16225
20077
94953
71210
33497
17705
17122
18957
31776
50304
21041
21709
97077
68109
23541
98505
13627
29442
93457
49077
21504
58502
83720
75666
29177
88582
49062
53288
26210
16107
60674
97308
17537
60677
73178
92022
37234
33689
20055
37940
24608
49317
47131
19397
63032
20447
92350
45221
38835
85728
39436
92403
35609
79408
92607
06852
27622
73143
62909
11241
14452
21765
20261
35894
22161
63145
33595
19516
66119
30069
35895
94913
70884
03749
33255
46302
63702
22412
25775
95173
20238
91909
11120
14430
18931
29903
71306
29734
45253
15720
18416
33575
70157
94296
54649
89803
75443
05085
59402
93389
19108
25709
50363
32559
97282
27216
48332
13631
06836
12541
64170
36072
43266
50336
27420
38875
48264
52407
92318
24993
78651
06725
53535
62866
85366
33862
32056
28035
14647
12225
93386
04266
96127
33114
81010
72369
37939
80256
19490
71134
32115
14751
76097
71163
17333
33416
80949
88565
73155
15274
34143
34673
20224
44701
85130
32538
01441
77226
43083
53791
55573
85078
33927
71731
90734
91117
33245
31192
77052
44845
33646
23003
06126
88545
02714
33424
73157
28241
83002
77863
17125
04744
05670
39210
85733
74147
28359
49518
75354
48255
07015
43666
55796
95024
35440
72216
20306
47134
06115
17232
88585
01813
52344
40251
91182
40201
93777
15262
15275
28737
73156
20069
91118
75138
10256
78764
84408
85269
93642
40357
38010
77852
97269
49696
48882
78115
19715
35266
93150
93279
93844
31999
61641
74169
28246
24037
78714
33918
65105
55592
05490
85082
72602
77001
23154
92817
04225
85001
48278
23131
23273
90411
27698
20140
70158
22216
46921
06753
02456
24032
72215
50335
28254
95309
78293
33084
55599
98348
01139
74031
64179
29598
85038
49416
39710
64502
19885
47852
03302
25410
24010
86341
11437
35449
78713
52648
85039
94151
44309
88102
18043
05074
89112
89193
26463
27699
78765
40295
50362
84409
82010
92193
75011
35295
20239
34778
31208
41351
64680
45848
72474
16654
73126
16108
31296
75106
22219
96070
32721
63156
89132
77225
14443
40618
35491
70159
40259
01138
78062
29290
48279
98504
19884
02065
88566
11251
95481
92816
24029
99256
94802
77862
01101
21670
74818
06857
40296
74737
27656
22156
16003
38686
55791
28274
88514
85079
20827
46411
92152
25396
27640
70302
94978
19360
28765
29504
70505
12506
90309
38820
02742
44325
66420
12236
17405
75434
92521
32353
13218
43635
77217
14538
91508
35699
20406
60105
93709
93776
37929
36101
53293
37450
65808
95406
22523
75185
77986
32899
75660
32614
78505
72659
40602
52410
38377
08245
36628
78131
06722
12249
38634
24658
77262
37605
92850
71172
20604
45783
97281
32192
32123
62786
19376
48901
78853
32214
98322
22725
02055
31502
64171
37662
71249
94240
63166
18968
92235
29808
37063
93755
98522
12260
79949
01931
94282
71133
36131
61110
20790
88122
29597
53596
47705
72336
58107
78568
78783
47801
02027
43601
44396
21092
40555
36803
24031
19493
73154
57326
92172
19339
39403
30357
54402
68026
91495
01965
57399
35402
72702
45254
89165
34230
17054
33743
54215
84791
75250
95267
21235
90637
39215
95992
64853
90607
74187
10158
15123
47962
38935
53824
95152
03252
92863
34267
28758
91357
81102
23127
50360
06011
18921
91482
37116
47996
11256
90083
25423
27259
33256
07839
36601
29417
58236
99213
10542
31902
30140
36361
90096
33231
32402
03815
24113
22210
88510
93715
77903
34988
22067
27877
70162
76902
11053
94979
34948
30074
92572
77882
78841
41061
20810
78680
33320
91610
40452
48826
50368
39107
85062
64184
05049
97003
11054
90261
43325
48557
74067
60499
77670
53957
04078
95397
99214
72115
37314
22524
95487
80046
93761
53060
45441
85244
50608
55486
29731
20163
85358
05849
85670
45343
20750
33550
33151
22122
04751
91310
95151
66063
36349
06601
33769
88521
12248
94820
77291
29925
62781
92187
19398
14166
20242
44317
97250
32138
28406
96152
91908
88527
32549
34280
17843
25776
79954
23162
91125
98540
01805
73436
79008
72225
49845
80201
04549
60011
02362
99014
93011
48556
79944
04262
77299
77337
10163
74149
46288
56398
40410
86005
71002
70078
48887
07474
96158
85299
18084
73039
93403
21741
28408
21749
95976
22036
20370
68101
77212
20395
44555
85072
36130
71102
07710
33488
75608
34777
02040
14280
27887
48937
93888
32229
74141
94259
23873
19191
06142
71460
10055
50361
78381
95160
10949
16388
22034
24212
27417
33349
08605
44328
27114
90846
21282
45423
47731
79189
53290
75030
14151
34483
07938
78710
93775
19091
76465
39704
83711
19155
47245
80936
27351
23630
83719
47870
77203
32247
59903
47426
35123
56397
40588
33779
43656
85068
94137
22242
70606
20726
62706
29228
46858
08099
28266
22544
94283
98165
46277
28784
41105
07507
28151
29612
26289
19353
78708
27113
66283
12257
12231
80166
59083
79402
06080
11695
49463
20442
79961
45490
20071
19496
88588
12510
59316
45437
19451
55483
92674
11247
95424
91124
32816
71348
32452
50040
21263
23399
33191
91329
80038
78599
15069
66855
02217
34636
79960
36533
93599
08870
21264
41561
29415
72178
56084
56333
70010
28024
85060
22481
88526
92605
59084
12551
45274
93542
62719
02361
12230
73435
91023
28285
76094
75315
76369
90086
93383
28042
12915
85902
48924
18710
27532
27115
32795
92564
89009
34460
70069
79159
08666
89125
50704
79740
78762
51460
08032
23328
23479
20894
70891
90848
83725
84190
30172
43697
80208
28362
08754
84011
21775
48501
14107
21233
93007
63752
63338
93764
70467
68119
48107
93778
59707
20717
46965
28331
94011
71149
07061
77255
74439
23397
95077
72199
47545
03756
53958
78711
18703
46262
94262
50657
06602
77402
96154
94977
54957
21150
43007
45270
60094
70179
89158
72475
29419
66620
16538
50427
28370
34423
80160
78715
89154
74156
44679
44424
65675
78279
71284
32239
97129
91933
25779
94160
76003
73148
32772
60669
75168
02153
99302
21290
77497
77399
90267
46129
93786
48330
90060
05620
30370
91756
49430
48824
08871
77254
32178
34447
98539
27402
73506
14453
78627
06153
33680
29688
94976
33583
19176
65038
75607
37316
08888
23419
08855
89153
83438
90651
15265
30580
73194
29648
30325
35897
74155
11815
79950
11531
75886
44492
79958
31034
20376
60668
71932
95644
93922
73140
02495
76019
94293
89126
61131
04077
79946
39521
24001
90847
43937
99215
55816
27429
48410
30638
34712
30375
53744
28243
37378
78630
80266
76099
89802
71120
13738
85236
76804
56344
95213
21123
27584
29071
47225
95741
36132
32654
63875
42221
44258
37422
40233
20424
49964
33420
87594
12301
15264
20527
77219
55377
53141
98191
24040
24402
52406
95150
27116
80291
03299
32125
53812
22243
48068
23184
02477
27650
38071
71148
33806
27658
62026
20825
73536
30138
32978
21270
24033
17123
29447
27668
89595
33733
37065
06509
32727
23276
28302
64190
31599
92899
06531
49865
40232
87181
75564
50340
35809
39568
06440
06530
21411
60675
04223
02304
33734
01115
06075
22565
85378
77710
07831
95866
97309
20128
31421
32126
04007
94247
71294
52733
75059
89157
20067
29402
94159
60678
58644
27438
98138
01152
45501
05344
37227
78716
59771
75053
59341
78658
20697
35253
74355
36802
60690
92406
71212
29476
25329
90833
13225
11252
34477
13065
72217
97079
70150
73523
93744
95927
35038
13465
24034
27499
11243
40340
92030
14863
01090
58106
13261
94257
29913
04850
41128
80281
79114
53127
54404
24506
38197
78763
71154
46102
88541
29716
91743
21297
12235
89437
25364
94701
91496
33970
92150
22116
06926
10133
13022
37644
30645
15277
70160
22160
87174
11775
27256
62715
22908
88574
98807
53099
29914
53790
38113
31294
31727
66222
91749
80163
78294
48387
01784
22622
20555
02070
39284
32116
58109
18044
14233
49204
22507
30007
75014
71475
75963
59835
55988
91313
45837
95347
28329
91121
42135
80402
36135
84407
29861
20537
70629
77902
70551
92232
48919
10212
18934
07699
61126
24008
32357
77256
91394
16039
88543
06151
04104
59073
93586
88563
44888
27594
40524
93745
31295
16257
88518
39463
18449
83403
65688
06520
92815
75880
07051
45643
92191
91031
83653
39289
15276
90702
49792
07799
92178
89028
35259
43349
10610
33508
75120
40755
20068
06724
25833
33863
57186
33422
20013
45479
20108
25339
52734
48670
64162
60685
77332
32611
33243
40294
04098
48922
68544
88517
28368
33345
94267
38027
36745
77834
88542
26120
37250
47308
72902
49516
50334
10213
85267
07428
07890
80632
94229
78295
32013
84008
44416
27570
70727
44422
20703
90223
48288
90409
34745
02877
48136
24902
94256
91358
29304
32004
97703
36675
27261
85070
54774
20725
43251
65108
88584
31758
32634
32716
07855
68103
70161
79178
33242
78469
73070
63342
62993
22528
93005
80935
58313
12228
92159
08885
85066
89116
55745
85271
98397
18911
93483
23412
33011
92093
26219
23424
04054
62973
78135
28253
91618
08362
55133
53784
92871
91021
33340
65216
25707
49311
20241
04338
55485
89016
29395
25562
32781
72503
57737
89152
19423
32203
89199
35812
68602
25802
92202
30048
51015
81157
89407
92581
75599
89151
18012
27624
68429
77257
93140
90084
76485
22472
75379
53102
93387
81002
30129
92046
34281
37371
91802
38159
98566
85372
19052
52499
72310
71748
48090
19441
40292
95201
77287
48913
35902
03804
77512
34979
88579
06721
06034
70786
01903
25392
32906
97143
19182
46581
48151
45683
06123
28564
13139
90406
30266
20526
30380
46546
77261
81658
40603
85071
29679
33465
02661
73770
78364
14231
92809
54226
22106
95194
30499
17506
64864
28224
55164
48550
36191
15619
75016
22195
20235
02344
06487
37950
85547
88569
79913
37232
71611
98561
94145
07653
76166
29132
40027
94581
83735
20627
19177
44415
32663
27031
78291
72654
36068
22194
81420
24028
61758
30604
95193
85644
30811
70598
20310
85178
28055
79945
76461
19850
20076
38136
70073
38101
47831
61826
92864
32635
98398
76716
23218
94126
49530
02059
87504
18910
44398
88515
88511
76803
21501
14240
20065
17877
80244
71171
94557
15230
56679
50381
88553
70093
23286
43603
28106
90093
54978
72917
50303
47706
38502
59702
33466
34220
53008
15127
91327
08018
71914
25358
05848
25350
33188
98127
28755
53148
93237
08526
01899
90091
35813
55777
90087
91921
03803
38960
71329
97533
11969
77496
07509
33807
89162
35762
48037
87151
48480
14649
18943
75015
48707
37621
75902
30146
47573
22442
49041
42564
21803
25719
06129
92165
23667
56395
28287
70143
75615
94290
94570
76096
33530
11249
05840
77349
90099
10802
07303
20138
29604
79221
88587
22118
73172
19708
05047
80036
93002
40582
46251
10269
78246
33265
33192
25706
45275
40533
94064
28041
89507
70571
78472
33804
50396
94291
33831
23293
91308
70055
48951
19351
68802
06143
92517
91199
75772
37831
78523
35161
66225
91385
67278
08606
91346
91976
43194
28233
29425
55145
12255
78774
35282
79708
90264
85744
02574
31418
02297
10702
37131
19890
48099
27416
37996
45699
55942
19494
33097
83726
93596
33429
06144
56396
54344
77592
44860
24829
90070
64073
79002
60399
28234
20050
25909
82931
84147
22241
45201
44750
55146
85067
43195
21747
20656
30398
67275
35602
92885
77210
08603
77218
93199
23261
32715
93773
28265
26546
23396
07511
01526
79953
18654
28770
92857
37997
91322
28542
38602
77216
81215
60006
14652
14410
27264
28235
91714
23284
22957
72352
71434
46634
95164
46863
31196
46170
75049
43301
72737
26162
34713
71058
75636
93779
41651
33459
97252
19470
02479
28710
94188
74150
20417
14241
33041
39535
77205
91785
59108
78268
36504
01822
65817
39703
76095
06104
20355
72716
38223
62256
24030
89041
98493
98920
75045
22350
02350
27543
20914
43981
73144
75121
51591
84130
42334
95015
90748
25722
33102
92836
36087
98161
94271
78683
29587
54764
70310
90652
34770
74502
60567
75680
95402
32588
28641
95534
93014
10259
75284
18971
75367
75260
39283
73648
66250
70054
74171
92554
32932
85652
03040
06749
17107
25770
70823
78467
83680
10258
70184
07308
29220
55479
38802
46209
92628
75382
66201
77272
20033
77284
20501
60682
48113
25365
93771
71656
34136
02187
76202
38609
38048
80161
14556
10155
41181
16375
17703
93607
62464
48266
20913
92023
60568
13089
03289
94497
94208
37202
72451
74170
22552
64168
97917
19612
33337
49314
03111
87125
65299
21759
15270
94263
30612
70609
93275
24063
24042
20719
44665
81009
12949
72957
48956
49019
79174
03822
04230
10131
65212
91715
07191
73522
45999
20404
19481
14270
64121
45777
95055
46855
34489
58125
70176
46283
92427
06383
80047
33732
59625
93406
23822
54532
20472
57109
38188
25421
20403
46282
94204
15091
01227
49737
30819
40283
34451
92182
12050
64197
84139
85214
70527
32783
31059
68588
65104
80243
74018
48061
87154
33427
77237
79116
13657
80912
38157
20227
36015
03802
39158
91616
24859
97296
38014
37424
77238
48764
02018
08250
70175
12240
07192
63163
20398
10249
95894
07978
84131
58126
33938
20075
19028
95269
61125
46912
36202
78350
71471
66113
99252
32318
16856
29348
75659
75326
07188
30374
03821
71162
83799
14692
43916
94203
85311
01831
94808
10285
88538
02283
88036
38926
61799
84114
31704
39286
92286
24647
60670
19179
65814
46896
35232
46868
20391
20542
72465
30154
90078
48333
49039
42558
61654
60303
39569
49281
02060
71728
20522
32326
15250
93556
75397
46853
64198
46067
48112
20502
35551
60522
23955
27623
31702
22558
10080
14644
55474
93790
08868
94604
28258
71431
61612
77850
46866
86340
28793
51340
72919
15244
77268
47747
30459
27930
88211
24009
49413
11405
86446
96160
40256
30099
34492
05302
45717
27495
39829
58208
03589
33742
92176
70874
05407
27049
25729
55459
48674
20792
40577
93944
06246
88133
48918
93116
99209
19171
79120
33694
75504
27634
60680
56563
73023
23471
78718
48308
98041
39901
20431
27626
60599
14758
34697
80962
15096
45677
32245
22225
05303
78265
26531
10101
35144
10081
88221
20299
70187
28299
55083
02455
32412
28653
53082
92112
30003
27711
11802
90202
31402
20066
38959
30384
55577
92179
86402
25721
32099
06134
33747
39087
94249
18769
07752
33318
31917
16016
21023
29804
75242
65741
04565
75461
74077
19718
47307
10166
07096
49501
30608
70044
71840
07877
15261
30539
14276
49515
37304
65615
19450
98904
85312
45055
90224
24209
28026
95865
88583
93232
19099
58108
46680
89006
30026
50614
37822
23183
07395
28656
38148
17568
97491
02722
77231
26675
50661
88560
25720
16017
82310
40355
77866
19895
37161
17769
13762
71080
71942
07806
62525
75404
94623
49502
76702
92684
20543
92072
47732
31403
70728
33630
21560
18577
46852
22081
65055
95763
35291
32232
04016
27833
45815
28255
20102
27237
33509
59112
34284
20557
82006
91426
80307
79452
37152
08803
92712
70825
76467
34656
28561
63881
70612
94529
07999
38389
50391
40574
78360
66036
11002
91382
92838
77387
56538
23292
66961
25728
98412
45061
32718
93061
20167
60147
53408
17001
19039
95343
28145
97254
80006
41347
61709
41426
98291
66647
71365
11599
10982
45222
50649
23155
13093
20571
33163
43027
51045
16684
07538
60065
98464
48325
67476
31995
27202
75358
28402
43216
20898
02156
39043
28002
20402
80250
61653
45675
25321
20039
54976
06133
38281
32877
18711
50332
20063
45839
68583
93120
76185
25389
28816
20428
20507
54906
76147
28353
32710
08025
75398
16220
59103
66276
40591
75357
10107
81012
99251
64028
36119
48862
33164
02201
85359
19381
88573
34742
92556
73403
16864
77391
98015
13455
36257
53401
06439
46897
15553
50301
29636
06127
22215
17129
35181
98194
85709
16530
78054
05406
37998
90510
72312
56562
22040
92522
28284
63850
77213
71903
90251
94147
29116
39555
20508
91510
88523
91341
12241
20220
73702
39171
52099
99219
47903
13401
48123
08543
74362
31760
76193
10123
91617
19194
12181
06506
50302
41520
31095
80162
72158
95344
40930
90054
62071
94125
04013
29528
10106
15439
43941
56317
62705
92812
39161
50043
90671
59111
70381
62660
50339
32602
10116
02284
30049
95617
85285
98411
32719
32316
46865
97010
36872
32791
12820
25334
92196
30298
62739
59626
32313
91383
14643
94144
91788
75456
14449
78772
79923
31106
97464
20444
58803
55170
25919
76883
46242
06145
66630
78289
77271
48366
08604
20030
61652
94239
30095
38780
84322
70718
20570
74005
30112
78468
25708
18515
59004
50331
75263
75381
36261
98062
90508
95108
19395
04116
94207
44237
95813
15032
52149
17699
20038
20254
92415
19340
89077
75802
41368
46061
93024
29839
45298
93792
74159
20597
77582
78847
29656
20216
48930
08646
62840
63164
45482
28228
85275
33568
19880
24218
20704
78674
41160
38902
38874
29433
16910
14831
32572
77277
40362
14785
89105
88548
68172
37414
46782
15664
06537
62723
33731
94250
33081
43757
97283
00544
49016
33299
75046
88241
93282
13758
20215
33775
17932
32887
22009
48267
03105
48343
31998
30133
88528
33677
37136
98129
27895
29502
39288
29721
23107
40032
83205
90809
20598
12602
64141
70170
91912
06507
32406
77639
07399
22332
60701
31202
30353
79978
35815
73147
31997
12243
39407
08214
40544
46247
93774
28664
50013
78673
38803
23289
21836
20116
28236
40955
28541
95381
77215
17108
59623
37133
06146
02768
29319
35249
94661
33685
36057
15682
85385
22119
27906
44501
22428
03298
93216
70707
90407
95031
95155
33283
78799
95836
49427
74545
20182
47463
40932
19058
70177
73146
50947
59117
28750
36177
33840
70521
47556
31416
70892
91309
95611
35814
88031
01853
50333
10121
71213
27150
27199
49761
93062
80933
32662
21278
91716
48232
44033
59624
59807
50982
27198
10912
08213
06508
40289
02634
12242
70893
12246
37238
22121
62662
93448
45299
15685
74158
60664
02298
68702
01936
14651
24895
48007
93718
46856
43041
27635
65103
98013
45739
06699
40488
08647
47875
81636
80165
75663
15281
75085
53774
02918
84603
22501
95038
45018
32627
39060
94141
08903
43271
28522
55593
21505
54620
74440
34270
03435
47845
20214
98093
94119
25569
38880
93708
25614
10156
40250
20146
33022
32105
90052
01111
75313
34740
17580
33741
91359
19357
75782
29221
29250
15095
33338
15252
63160
39250
33302
13632
22227
84323
94540
33758
40580
80932
46895
10540
20577
77542
85069
45263
10242
25323
47647
92161
49429
90661
90507
11551
80044
95940
26667
23190
88058
20578
79955
18953
77508
30142
75301
76192
23439
62757
36331
45234
46945
52071
93740
93407
04865
40476
91305
72182
05662
12244
14557
06030
40803
60075
23241
60017
98599
42755
25723
72066
75261
20301
61237
33539
28229
78961
79940
92160
02348
60418
91946
22103
20993
70738
05030
27293
55361
87115
59772
61791
70459
60204
22158
43667
52252
63378
37625
72613
88578
94926
91499
75444
53152
33222
55472
77273
84134
30368
98206
07844
20074
63066
93388
43268
52244
60208
83708
42131
67402
28404
44036
01812
55903
19244
93741
28728
98386
98083
44005
89170
50950
61106
31107
77643
97238
99258
29677
95109
89557
23804
36764
49018
55801
75356
79947
90608
14133
35403
10157
94662
76098
78646
72221
33994
06128
78773
48046
75118
27204
80947
53157
75485
78463
28661
34441
77704
79968
14887
35255
40405
28814
20104
76246
71050
32241
49063
50330
18448
93707
65211
46527
78778
90842
95056
17085
36065
20813
20588
33949
63169
61643
29486
26507
44073
22517
12879
93760
76191
94248
20211
45264
91987
73152
31297
03769
22217
38302
43752
92811
92552
06503
21656
13761
90895
02205
23242
46206
32255
26566
73001
39296
34464
79721
27619
64187
70822
16103
27111
98490
01202
62756
47735
26106
25328
34260
12133
41413
34430
32085
44222
47724
48121
24732
63151
92423
53194
95433
77841
60681
78960
23668
07754
73031
62794
18981
75086
84079
93408
19196
31086
10997
29292
40536
91769
06245
65106
10114
46380
91603
89114
57007
89185
78280
23285
92609
72765
73164
36503
70504
84133
27969
20410
10313
63346
73125
32854
94527
90633
23870
78460
74043
32604
40730
33425
17121
30369
95196
92862
21275
81290
24543
30018
94524
30321
22803
34218
65765
85287
04122
40619
14515
48115
87302
27868
87103
54306
72403
15268
15253
40257
06050
12226
82002
61555
83303
77431
46207
47988
73163
05501
49599
89177
77805
63158
64013
04112
84201
55144
87185
10286
77209
83732
73022
76241
89133
30396
07879
95980
71363
11439
85211
30671
35293
80299
84132
08862
57709
87509
04402
92593
32198
14857
71161
25851
20544
89711
35238
75505
78767
26838
22230
25361
28247
83206
30722
22226
14639
37229
31150
67277
28082
30371
95967
46572
98114
36141
31319
95972
76797
89160
42288
96162
13107
90072
59717
23001
15831
02454
34692
71448
35296
20451
33929
78766
33906
31195
33601
04954
92418
35231
82902
91123
06131
75264
17720
50623
80257
85639
93121
47719
10211
71164
98393
53547
90030
59107
29465
71750
78540
92502
33608
18766
91526
84605
84184
22334
32644
22577
43530
32815
37744
24985
29171
53138
74335
70154
52652
92096
85738
60673
74186
70593
02041
29551
28680
16565
49005
30447
94177
20791
74947
14766
07510
45071
35804
23341
38083
24114
32185
44735
72164
06534
92177
12511
88557
93102
17105
43661
50402
14429
71443
89023
92878
12073
30098
80995
30090
07097
85628
88576
60138
39603
07763
39404
19172
75834
97044
73402
93765
82003
53234
87592
06006
89140
18098
26506
20192
95353
41743
33152
17126
23090
33738
81011
36204
33359
33593
26229
31703
61639
32919
06028
24205
64180
32175
47734
01203
20741
31310
44650
89067
36685
81034
32562
27331
47174
95759
92074
27515
93504
07802
64002
16021
16221
19197
38025
34146
70804
82605
32007
20749
63150
06147
18949
62659
64188
64199
29211
74152
22604
20252
43682
33419
10117
40598
15465
92413
18501
20572
63024
38557
86339
88013
88546
07198
41025
20419
06723
98413
76540
23274
45413
42241
32236
42063
73196
20534
75380
29578
85063
11242
19399
50318
28815
74821
46864
77549
88123
84199
77574
02712
10045
31706
14642
98481
73153
89150
98213
04420
95532
12220
87197
12261
18767
38161
36702
32314
71320
90307
20212
36008
98554
18502
15286
29633
63157
74153
33835
32160
78156
10521
11737
01102
88531
47033
68145
53542
47202
48916
89070
42364
88547
92085
76352
79926
20525
27611
19187
89155
19480
49523
74172
70470
06137
77240
28271
33681
56561
47721
31534
20411
71324
43681
40166
32163
28727
81046
77290
30394
23519
20330
25986
84412
27661
73085
33655
16850
16514
77263
20219
42304
80931
61710
88577
07845
85502
29695
54735
53707
91609
90662
29744
93160
12537
33153
48909
23018
94172
02185
36831
32006
20062
44648
40581
27435
93099
06521
48663
56302
40159
38186
73488
17106
60569
14603
21298
12245
07019
06251
20581
49560
39298
92068
38308
06889
75884
49510
93190
32434
11352
70602
78691
45063
93772
22108
78604
34789
17858
76906
55467
16675
76203
91376
47146
32235
30271
43272
71221
43018
46857
20414
91507
19404
74802
06094
59904
91380
37236
32739
68501
86430
92052
62834
22526
90749
89714
94146
90051
36102
17375
76163
28237
94258
20073
54926
23291
87198
77204
20682
53274
22109
72757
19354
44372
01116
32523
97294
44482
49673
94274
38649
98287
20168
02475
66699
64508
28788
74345
28407
77347
88062
85720
12584
32524
27533
32307
20413
23628
32886
42128
20185
75606
34611
24005
26544
90711
81135
91109
32878
17611
36461
45687
47808
20374
89599
79931
19905
80541
43236
69160
76162
72043
70178
27247
48606
14650
48272
29503
85061
20548
38163
93447
29606
48758
05745
13840
77279
32885
15134
46862
48641
79430
02552
79493
93130
03859
16430
33307
35048
78709
92137
34985
77258
85277
74004
29623
88202
12247
22331
64803
12016
50099
98035
24004
28136
54464
16475
90311
89520
93044
63840
76204
53962
02137
38338
78952
14602
20213
39282
32902
01021
15240
47366
22545
94660
33684
06535
43335
95172
55131
55078
81602
88556
01703
28010
92244
24157
91771
83701
20134
32872
85725
49357
07902
91410
02345
29622
37011
58121
20188
03897
91319
22135
35287
10203
30301
48110
19415
39165
46660
10105
98415
20101
12345
30109
13814
97528
25773
33631
25866
72222
71166
35298
21065
19424
17332
92375
60412
06141
65217
75915
79941
89533
78285
26058
06267
46384
20043
75371
91126
30023
38151
16432
77266
31010
33448
82524
39558
88534
39205
93716
40579
66625
71207
40253
01252
05823
58255
88524
77881
48004
20440
79996
95009
73167
75303
72295
34749
75393
22924
36045
35290
03272
72711
20380
92149
07193
67102
16681
78270
65645
13503
32035
37044
79997
77341
32775
36254
25335
14413
76004
05470
19185
24007
94666
54240
44194
98401
85751
20533
52408
77275
39271
06888
77393
44871
25326
52642
24624
23269
80155
27706
90134
94035
15565
06138
04004
89505
79712
32802
23529
27094
94914
24025
58074
89180
26555
11555
18928
04123
20434
63179
83722
05604
33664
63737
91017
34421
32417
19184
75711
01866
30364
33052
75222
24739
27419
95958
66626
36671
17310
74721
02355
47392
48531
18918
27802
71240
79980
91116
97312
24514
12854
85216
52771
62259
46355
25327
63006
77249
36457
77726
75458
65636
27289
11027
71009
98009
02123
97207
68175
36449
30358
53026
71165
34603
23443
47704
95696
43984
88213
72906
17342
22965
63171
44210
84016
14902
91226
61558
31145
22739
15416
13848
52805
32891
07099
31914
40252
05741
22244
18764
63065
68198
92261
27155
63178
72145
66601
30272
16512
35142
72089
35237
32516
02741
92693
45105
17575
32936
76703
75370
12082
14786
71218
14083
33339
33106
97292
23506
95538
27588
91188
85731
92599
77870
80866
94712
55730
76198
70596
33280
50328
19484
19369
33482
78779
37815
13699
78667
95071
79383
19721
80960
57198
31739
90844
70145
39753
61790
72255
02761
44326
27411
22471
24061
48361
13201
19892
15415
35964
02862
20997
61613
14745
20394
18060
85191
91521
75671
20422
92079
37995
27835
59104
73101
88561
62524
22159
28123
98556
17564
18003
39077
94998
18827
18002
30647
19482
06828
44630
74192
38776
28545
98666
06910
94018
72203
93380
06072
60079
04972
46937
94139
12568
29222
02662
93590
19429
38150
91523
72316
71920
33310
93390
49468
92142
11690
68139
36458
78403
41054
80001
46859
26103
20393
20441
03468
88581
01653
11571
21020
80502
78111
91066
15282
93409
32957
15485
77843
21404
27157
25330
95840
38628
76197
78842
98622
27506
28724
56030
18341
77989
42742
10151
20070
91115
95061
70195
59319
95153
18958
06372
43552
44636
27375
76684
18922
46308
15289
01842
76150
10274
75099
60078
17177
25338
35742
33820
43047
10041
42444
75072
21273
20771
10602
94298
19603
29218
10164
35617
24438
23501
95001
97902
78206
79918
21792
92859
20203
33303
19190
75091
20549
20172
32956
87184
10087
47151
55572
65673
91114
41022
94279
47986
46082
71966
46861
44660
37056
58122
98623
30302
12107
17337
36691
70182
72391
39236
27695
92369
77208
61402
10277
61636
24068
31131
73960
54429
20044
87158
33119
92255
77206
71428
70457
13505
17231
08933
43702
41037
60082
77522
97432
92186
40269
02327
76121
30029
29143
91412
45633
49443
68848
39457
87545
37868
60686
19906
19065
14702
75360
95158
32522
27213
33902
74193
95191
49797
32756
70097
29608
46372
28776
20229
70174
79910
28230
06703
06501
53187
20883
25771
22183
20460
53708
22906
38675
07195
31119
31169
06927
77452
18540
23170
71230
37241
90231
86342
72913
94164
27552
94284
19110
13119
85775
92168
30150
72770
97291
16261
79490
20266
38183
92039
63466
20539
48265
20531
24155
35220
54816
98160
40261
18348
06154
31209
25727
04034
21720
36103
38839
76136
50392
93661
98496
72713
20709
94237
25714
18025
30515
49785
94302
33093
46778
32853
40951
18440
60507
50981
93456
22313
72615
93443
95141
85010
06781
73301
66285
44097
95159
88529
65111
05159
33564
47703
80430
12239
76909
52036
91470
65899
49711
20218
62726
01508
75036
94254
20082
16544
34995
76558
35236
98025
29342
40268
06540
87195
91522
77207
70896
28272
05460
22746
98259
33826
24024
19255
45712
98111
49739
74148
23670
95473
85280
87187
47618
43654
32858
93539
20221
75483
20435
80265
20524
30261
55440
20797
35898
35471
52243
76564
46699
20035
41364
87101
80273
47736
04124
50936
21139
35246
20210
20425
89555
11202
06504
01888
28309
01509
77297
28231
37070
71497
54602
91392
40981
87194
80937
93034
20226
77572
77224
89570
30151
94236
72180
08625
30119
92138
95067
79832
53940
90306
40578
71496
77259
59114
65898
19894
95852
46515
84165
47021
80826
25726
77280
44211
94614
93421
28410
80274
84170
24006
53942
04033
76886
79223
65805
30085
92167
37041
39121
20573
01601
61651
89033
33388
08601
44767
08607
08756
42002
60697
20415
20372
34290
75797
90209
71831
20503
47750
12055
85752
44195
55458
75047
92038
32910
06532
98170
77806
81402
20436
23465
24129
18946
88559
22333
33682
77555
92615
98497
27867
28223
70821
13749
20594
75374
53259
90312
38088
79168
91409
93094
20907
95860
60197
87576
05665
29675
92051
23941
91772
26302
62683
06140
79491
16234
15255
78480
52736
44232
28038
29603
78299
39818
07962
36118
88571
14260
31414
38177
18927
80217
33234
92652
93747
43510
37717
85030
02196
04737
37242
92263
62765
94537
16805
12727
32923
48929
77234
91899
88558
52004
48686
92199
53782
19161
16945
77641
64051
62736
97078
35631
10260
97708
20060
60009
25612
13251
76181
64195
35185
03843
25715
71242
71330
76068
20591
51102
86302
33911
06233
60095
96078
42419
06349
52409
64144
48980
02206
20223
87060
35448
46298
32201
34729
33673
17726
01302
18813
30362
68902
64868
32869
70185
20437
71440
38346
20289
70186
20416
35632
36429
61656
83441
76161
23178
16550
62764
85734
41072
23939
34272
95190
43291
25686
20270
70404
40621
27361
32260
32762
08645
08650
39304
20061
98395
32861
17604
21412
10102
05466
94140
70011
33736
54912
33910
23186
97709
95036
39303
36689
20504
79516
08906
98145
65042
20599
93475
16368
14520
18991
88054
40620
04332
77243
91224
16804
13250
08602
30237
17504
30917
02940
42719
98293
41310
90075
35502
48804
15257
22555
13457
20029
86304
27722
19105
44334
43093
68738
40583
17358
45262
46361
89513
20433
32610
53237
71273
98131
33083
40281
14273
33269
41173
44453
77241
37684
32971
50983
25387
77410
70081
06701
45802
89721
98141
44486
14144
28093
18765
28691
75275
46860
08541
20201
21241
91328
91225
46851
04738
62766
46624
10043
18815
72820
33198
29813
98637
19897
91102
47728
75339
80901
38733
39080
20407
23705
83717
34487
14508
79453
66110
92711
94277
73668
71477
46018
19178
32240
77487
30111
53777
32793
27404
94915
91189
31141
95021
20463
66251
46085
77269
37364
89036
57354
28074
21857
97280
20541
22513
30270
03866
91372
14694
05603
70511
06533
80271
19961
40550
93438
31412
63167
29457
79976
16366
28232
27130
01910
40225
45481
30503
59604
15295
33730
70060
78522
91944
11582
67276
33623
85369
43660
06064
40742
06459
81302
93791
38055
76130
19455
28289
84771
44190
28242
32335
06045
65546
94230
85548
02880
95373
23345
95026
06904
31136
40512
41081
14267
15254
27512
28201
32520
30514
19170
86405
47228
80034
20575
02241
18773
74559
19407
60128
44619
25712
70165
30414
98343
83415
40473
94083
44199
71066
30156
22212
95812
44191
70792
93107
12214
98046
16531
42759
91333
07602
10132
94209
28281
20731
24640
80429
77516
75372
92248
76644
93106
75083
80035
24126
43909
79166
66667
44198
05451
75221
35297
66505
04014
41012
49422
50526
92166
91334
76439
21062
78333
50394
32238
53101
38181
94205
20590
16553
25725
90296
05633
27374
71902
68529
98609
06199
83724
20586
72741
91943
15674
74013
95798
25336
60684
01704
70181
80646
75958
46850
47730
78296
54131
77230
02381
15283
31782
19193
17312
60121
19980
30333
41019
33061
79786
20262
77293
06408
66683
88525
37802
18916
63177
70189
38303
85532
02051
16018
74182
25888
94624
76190
88006
98227
31333
22096
97251
79760
65409
31193
58124
87119
19037
39852
32728
41778
85376
12237
33077
12201
20318
32954
97242
91734
06913
66282
32591
92519
30724
91413
49020
10150
35288
32411
55554
30502
02823
02829
44096
25711
01865
90714
58602
24855
29260
75283
62708
19346
08342
98431
39632
32655
32120
34958
20610
96089
95161
06860
20576
46980
89037
79952
32302
92842
18247
25441
39533
46867
01614
26524
36536
02222
21690
88562
30091
37544
16660
29219
85005
80037
19898
89173
92877
32329
75123
24143
25026
95052
50145
34282
92317
80474
33199
50369
13599
61655
30603
75403
20773
97036
98190
68056
29647
99228
70616
61637
13671
33355
91614
49356
28380
70835
10276
17303
89163
86002
41053
92366
38825
04341
07451
76005
27230
41021
70873
91386
47733
80934
77252
05768
28296
88580
75903
31099
77315
79937
77875
30806
19903
23147
75637
98061
39098
48231
93412
50592
75658
46253
38238
01705
03896
76195
10138
88555
61299
33464
60696
29822
24327
02325
34755
90721
93915
38314
46769
39754
91615
25774
20265
94299
71613
07184
25718
76206
51502
11380
36640
10113
47375
06176
98228
48012
08218
95296
43260
19183
65205
74076
20392
15251
35482
78042
23081
90294
29589
43218
39207
41502
76199
06912
16172
90055
77383
10587
33329
89515
20217
92197
64802
76715
94942
60186
45448
18099
49723
61266
06829
27108
20350
39529
24111
72918
15278
56388
79604
40255
88554
20908
94999
51452
15907
54662
33688
65102
46780
29484
47132
25710
14563
88540
75713
28053
03247
93912
37222
92170
59620
12212
01613
10090
14095
90295
91804
46995
01655
08219
48268
79066
95297
80942
20585
33421
59115
06083
95851
11381
17966
83229
38877
92329
34605
24146
77235
61630
14140
61638
94142
17528
30061
31799
36547
96095
28263
27294
54936
20149
48175
83756
21609
23014
93031
77223
81414
94285
84068
24215
83635
61650
85080
11760
05601
98909
20027
12238
30123
79185
34973
08405
47851
32834
70895
17573
10122
97286
91365
75033
87196
07533
40293
25324
22095
88595
26102
32362
39552
68183
46869
37068
32896
30361
95867
16629
06244
93737
97290
30385
60699
79172
66051
02238
20523
08101
04903
76007
60944
20916
93032
77222
53701
31993
40270
97407
95221
46285
55569
90840
60434
08347
80533
14518
74402
25724
08404
51593
11026
92136
75507
63931
37773
35011
13121
77725
19486
33402
38324
33002
93227
66160
71138
89496
00501
11499
79951
27415
30732
90076
80941
38182
65726
06505
20375
97314
72231
21715
01889
24026
06150
50395
70879
95229
72525
19016
79077
40745
25333
58802
20090
83816
27497
75391
28378
46898
98231
66636
54324
44068
50037
70009
92143
88536
23463
25667
89315
91395
23255
85046
53407
27099
10008
88586
75064
47617
63776
27528
45268
12588
30042
19478
25860
50152
33885
78288
35292
24027
46942
25772
52568
98384
28256
32521
94543
24515
25755
33757
97861
39595
29305
46899
98185
21106
10129
13611
70183
94261
77236
32794
27629
39649
20268
74444
52759
70704
42216
66117
72033
14021
27708
17521
06258
67504
79995
24751
32859
60566
93670
04333
25927
31026
10959
76533
42702
30264
70894
19331
31156
37111
92247
89111
37119
77967
52075
63779
30377
32924
20408
60132
51651
20429
94206
92192
75392
72766
06474
83652
70166
05671
70833
39173
25713
83531
54890
33336
35270
78553
30160
15959
84090
39602
92171
06502
55478
22833
14272
02204
92088
24533
43652
19162
48311
10270
87191
26504
85075
14653
32231
85274
87131
10104
64766
94120
10160
50980
14638
20103
92837
02887
95157
83877
07175
60055
15548
29602
20026
92198
55470
64196
70826
33082
25325
22910
20884
38550
44061
29230
80306
06538
77411
83630
77588
16515
15339
90213
27427
18762
95192
23694
65107
80523
52056
20388
31013
38045
39081
21088
75359
49555
13252
90609
20142
23288
97253
50259
20554
70765
62767
91012
91222
13479
58310
94143
21281
48260
92697
44192
85327
85076
20521
37930
31908
29151
71361
20505
85252
17833
59806
88549
92659
20529
01815
75799
36633
32862
38130
10120
59116
17605
20538
89713
45296
94278
34133
70827
98417
15549
18320
90074
94615
18933
71156
32345
27602
91503
20885
63199
24943
50137
85754
06183
13683
19443
46513
64069
17503
20530
02337
90308
72078
93794
95241
60183
92650
92658
70190
20426
77270
53783
44193
92226
48222
92690
62722
60199
89712
77244
26886
14269
06838
61132
19886
29386
01263
79608
30378
74157
29632
23612
48269
39832
22987
97475
50031
01014
69363
33499
06404
75262
07101
85703
33679
51432
26434
01971
32777
93793
70167
27702
98509